26575
27110
27310
27890
27918
28074
28097
28281
28290
28295
28352
28431
28453
29725
29731
29736
29738
29766
29790
29807
30008
30017
30031
30033
30045
30143
30402
30468
30501
30794
30868
30979
30999
31090
31403
31428
31495
31656
31668
31746
31775
31821
31822
31867
31922
31962
31994
32025
32215
32278
32288
32369
32642
32651
32684
32710
32776
32941
33046
33571
33689
33701
33810
33964
34071
34073
1085
1247
1267
1284
1547
1837
2061
2441
2442
2443
2444
2445
2446
2455
2501
2506
2522
2523
2525
2547
2562
2566
2576
2588
2720
2721
2738
2754
2783
2857
2863
2884
2903
2914
2921
2935
2953
2959
2985
2997
3004
3009
3034
3053
4153
4493
4690
5073
5086
5597
5988
6322
7510
9063
9094
9325
9366
10250
10810
10818
10872
10953
10988
11109
11320
11718
11719
12790
14215
14656
14920
15894
15917
16673
17614
23808
24264
24265
24266
25286
26264
28214
28289
30018
30802
30957
32652
34161
1009
1075
1100
1152
1159
1233
1252
1357
1371
1453
1550
1978
2231
2292
2355
2577
2581
2587
2592
2675
2745
2747
2750
2798
2908
2920
2966
2979
3040
3052
5586
5622
6679
7523
8958
10262
10809
10811
10813
10870
11094
11145
15829
16171
17293
19532
24267
25305
25501
30009
30700
32279
1032
1037
1110
1157
1259
1292
1356
1373
1546
1551
1934
2163
2309
2609
2748
2775
2851
2869
2897
3226
4150
9093
9506
10798
10989
11005
11050
11170
11179
11557
11653
11655
14626
15792
15904
17247
17294
21965
28702
32350
32351
1010
1094
1181
1193
1251
1308
1316
1343
1427
1436
1439
1475
1543
1676
1769
1813
2563
2751
2822
2828
2941
4446
4659
4673
5635
7568
7785
8979
9655
9656
10814
10815
10826
10867
11650
11651
11723
11931
13241
14655
15702
17127
17478
24313
25206
28358
30010
32281
1026
1065
1158
1269
1590
1620
1764
1822
1920
2164
2417
2485
2578
2776
2839
4949
5637
9012
10773
10816
10825
10828
10845
10866
11047
11399
11866
13900
14425
15624
17219
18110
18258
25192
26069
28278
28279
28324
30011
32386
33836
1003
1018
1051
1213
1270
1431
1463
1735
1904
1929
1966
2559
4375
4779
9095
9375
9461
9536
9657
9659
9996
10451
10974
11478
11659
11663
11726
11727
12789
15650
15652
15654
16165
17499
18917
19941
20291
20310
20920
21968
24460
24511
25379
25709
26215
28438
34068
1012
1024
1182
1406
1541
1654
1699
1780
1874
1912
1927
2108
2512
2725
2805
4358
9658
10799
10819
11051
11053
11279
11722
11725
14430
16953
17245
18249
18870
21980
25957
31964
1149
1325
1629
1747
1932
1991
1992
2178
2468
2792
3107
5525
6236
9465
11286
11660
15723
17074
25918
26152